10192,100,20,3,10,0 3600.03, 56
10192,100,20,3,10,1 720.51,   30
10192,100,20,3,10,2 1547.01, 30
13668,100,20,3,10,0 3600.02, 25
13668,100,20,3,10,1 3600.03, 58
13668,100,20,3,10,2 3600.03, 119
16168,100,20,3,10,0 3600.02, 35
16168,100,20,3,10,1 2027.24, 93
16168,100,20,3,10,2 1772.48, 93
21743,100,20,3,10,0 3600.04, 34
21743,100,20,3,10,1 3600.02, 17
21743,100,20,3,10,2 3600.05, 54
22333,100,20,3,10,0 3600.03, 30
22333,100,20,3,10,1 1674.19, 89
22333,100,20,3,10,2 1188.74, 89
22868,100,20,3,10,0 3600.02, 24
22868,100,20,3,10,1 3600.04, 97
22868,100,20,3,10,2 3267.48, 125
24661,100,20,3,10,0 3600.03, 32
24661,100,20,3,10,1 3600.03, 40
24661,100,20,3,10,2 3600.08, 72
4204,100,20,3,10,0 3600.03,  47
4204,100,20,3,10,1 3600.04,  59
4204,100,20,3,10,2 3600.03,  120
4909,100,20,3,10,0 3600.03,  67
4909,100,20,3,10,1 3600.04,  94
4909,100,20,3,10,2 3600.03,  126
9513,100,20,3,10,0 3600.04,  38
9513,100,20,3,10,1 1297.91,  70
9513,100,20,3,10,2 764.88,   70
12796,100,20,4,10,0 3600.03, 90
12796,100,20,4,10,1 3600.03, 43
12796,100,20,4,10,2 3600.04, 194
14211,100,20,4,10,0 3600.03, 54
14211,100,20,4,10,1 3600.03, 58
14211,100,20,4,10,2 3600.08, 185
15454,100,20,4,10,0 3600.04, 40
15454,100,20,4,10,1 3600.03, 75
15454,100,20,4,10,2 2527.17, 105
16764,100,20,4,10,0 3600.03, 132
16764,100,20,4,10,1 3600.04, 145
16764,100,20,4,10,2 3600.03, 275
19319,100,20,4,10,0 3600.03, 77
19319,100,20,4,10,1 3600.03, 56
19319,100,20,4,10,2 3600.05, 309
19925,100,20,4,10,0 3600.03, 32
19925,100,20,4,10,1 2850.76, 125
19925,100,20,4,10,2 758.18,  125
23750,100,20,4,10,0 3600.03, 81
23750,100,20,4,10,1 3600.03, 48
23750,100,20,4,10,2 3600.03, 144
25472,100,20,4,10,0 3600.02, 28
25472,100,20,4,10,1 3600.03, 29
25472,100,20,4,10,2 3600.04, 164
7777,100,20,4,10,0 3600.04,  160
7777,100,20,4,10,1 3600.03,  78
7777,100,20,4,10,2 3600.04,  234
910,100,20,4,10,0 3600.03,   65
910,100,20,4,10,1 3600.03,   67
910,100,20,4,10,2 3600.03,   224
11430,100,20,5,10,0 3600.04, 202
11430,100,20,5,10,1 3600.03, 50
11430,100,20,5,10,2 3600.03, 188
12579,100,20,5,10,0 3600.10, 444
12579,100,20,5,10,1 3600.03, 32
12579,100,20,5,10,2 3600.03, 219
25727,100,20,5,10,0 3600.03, 135
25727,100,20,5,10,1 1791.26, 102
25727,100,20,5,10,2 717.51,  102
2815,100,20,5,10,0 3600.04,  103
2815,100,20,5,10,1 3600.05,  202
2815,100,20,5,10,2 3600.04,  257
30954,100,20,5,10,0 3600.05, 260
30954,100,20,5,10,1 3600.03, 98
30954,100,20,5,10,2 3600.04, 379
31699,100,20,5,10,0 3600.04, 88
31699,100,20,5,10,1 3600.04, 83
31699,100,20,5,10,2 3600.10, 184
5718,100,20,5,10,0 3600.02,  63
5718,100,20,5,10,1 3600.04,  204
5718,100,20,5,10,2 3600.06,  435
5769,100,20,5,10,0 3600.04,  126
5769,100,20,5,10,1 3600.04,  95
5769,100,20,5,10,2 3600.03,  239
6357,100,20,5,10,0 3600.03,  84
6357,100,20,5,10,1 3600.05,  259
6357,100,20,5,10,2 2605.43,  362
7426,100,20,5,10,0 3600.05,  163
7426,100,20,5,10,1 3600.03,  44
7426,100,20,5,10,2 3600.03,  223
13932,150,30,3,10,0 3600.04, 29
13932,150,30,3,10,1 3600.03, 27
13932,150,30,3,10,2 3600.03, 83
15261,150,30,3,10,0 3600.06, 49
15261,150,30,3,10,1 3600.05, 0
15261,150,30,3,10,2 3600.08, 45
17139,150,30,3,10,0 3600.03, 42
17139,150,30,3,10,1 3600.03, 50
17139,150,30,3,10,2 3600.04, 68
18048,150,30,3,10,0 3600.03, 41
18048,150,30,3,10,1 3600.02, 5
18048,150,30,3,10,2 3600.03, 65
206,150,30,3,10,0 3600.03,   24
206,150,30,3,10,1 3600.02,   7
206,150,30,3,10,2 3600.03,   59
23138,150,30,3,10,0 3600.05, 58
23138,150,30,3,10,1 3600.02, 0
23138,150,30,3,10,2 3600.03, 37
2394,150,30,3,10,0 3600.03,  15
2394,150,30,3,10,1 3600.02,  5
2394,150,30,3,10,2 3600.03,  80
2447,150,30,3,10,0 3600.04,  60
2447,150,30,3,10,1 3600.02,  0
2447,150,30,3,10,2 3600.03,  44
25469,150,30,3,10,0 3600.02, 28
25469,150,30,3,10,1 3600.02, 0
25469,150,30,3,10,2 3600.03, 53
25512,150,30,3,10,0 3600.02, 18
25512,150,30,3,10,1 3600.02, 11
25512,150,30,3,10,2 3600.02, 25
11753,150,30,4,10,0 3600.03, 44
11753,150,30,4,10,1 3600.02, 0
11753,150,30,4,10,2 3600.07, 105
1187,150,30,4,10,0 3600.05,  88
1187,150,30,4,10,1 3600.02,  0
1187,150,30,4,10,2 3600.04,  111
12780,150,30,4,10,0 3600.05, 69
12780,150,30,4,10,1 3600.02, 0
12780,150,30,4,10,2 3600.03, 78
17082,150,30,4,10,0 3600.07, 149
17082,150,30,4,10,1 3600.02, 0
17082,150,30,4,10,2 3600.03, 66
18129,150,30,4,10,0 3600.10, 197
18129,150,30,4,10,1 3600.02, 2
18129,150,30,4,10,2 3600.03, 84
18841,150,30,4,10,0 3600.08, 223
18841,150,30,4,10,1 3600.03, 0
18841,150,30,4,10,2 3600.03, 120
2232,150,30,4,10,0 3600.04,  89
2232,150,30,4,10,1 3600.02,  4
2232,150,30,4,10,2 3600.05,  114
26721,150,30,4,10,0 3600.08, 73
26721,150,30,4,10,1 3600.02, 0
26721,150,30,4,10,2 3600.04, 114
7551,150,30,4,10,0 3600.04,  43
7551,150,30,4,10,1 3600.02,  6
7551,150,30,4,10,2 3600.04,  140
9425,150,30,4,10,0 3600.03,  43
9425,150,30,4,10,1 3600.02,  7
9425,150,30,4,10,2 3600.03,  75
13903,150,30,5,10,0 3600.09, 285
13903,150,30,5,10,1 3600.02, 0
13903,150,30,5,10,2 3600.06, 117
14684,150,30,5,10,0 3600.05, 107
14684,150,30,5,10,1 3600.02, 0
14684,150,30,5,10,2 3600.03, 91
21548,150,30,5,10,0 3600.06, 143
21548,150,30,5,10,1 3600.02, 1
21548,150,30,5,10,2 3600.05, 184
22973,150,30,5,10,0 3600.16, 517
22973,150,30,5,10,1 3600.03, 0
22973,150,30,5,10,2 3600.05, 125
24540,150,30,5,10,0 3600.11, 255
24540,150,30,5,10,1 3600.02, 0
24540,150,30,5,10,2 3600.04, 122
26557,150,30,5,10,0 3600.09, 265
26557,150,30,5,10,1 3600.02, 1
26557,150,30,5,10,2 3600.06, 121
27430,150,30,5,10,0 3600.06, 106
27430,150,30,5,10,1 3600.02, 0
27430,150,30,5,10,2 3600.03, 79
7486,150,30,5,10,0 3600.10,  286
7486,150,30,5,10,1 3600.03,  0
7486,150,30,5,10,2 3600.06,  75
894,150,30,5,10,0 3600.03,   34
894,150,30,5,10,1 3600.06,   0
894,150,30,5,10,2 3600.04,   175
9529,150,30,5,10,0 3600.06,  133
9529,150,30,5,10,1 3600.03,  0
9529,150,30,5,10,2 3600.09,  77
